8.833210770533195255e-01 2.715893721882387535e-01
7.357877244386542559e-01 1.548400979427239088e-01
9.465408712070567665e-01 5.248675963610114348e-01
3.085878670933777101e-01 6.100536818934535477e-01
5.620030194207864538e-01 4.416415930088783970e-01
6.690512497904970157e-01 5.420717925996166864e-01
7.765021424981710663e-02 7.956665303254804034e-01
8.303555219146975253e-01 1.000311310576151858e-01
5.311629959231128906e-01 2.924026734142262107e-01
1.848069154299243344e-01 2.609354211551315750e-01
