6.946526333725766555e-02 7.905093852906683871e-01
7.352725534284598741e-01 6.241465792954535852e-01
3.756874616100270847e-01 7.351519610957975015e-01
8.279499840920030440e-01 1.201820649084848203e-01
6.953702011184781373e-02 2.520614016725870599e-01
6.560902883755681536e-01 1.258170672634544296e-01
6.587711780771163816e-01 3.492264086822837177e-01
6.613821284814779267e-01 4.399477703110199478e-02
3.596180799103836367e-01 9.415917243253746349e-02
1.395385502452186621e-01 8.661545026032596573e-01
8.641291133791508816e-01 9.254764367981930251e-01
7.167818356979626104e-01 1.160414554406646870e-01
6.909691359732570426e-01 1.310213507020612234e-01
8.284119070948011698e-01 3.638921751232331303e-01
7.227057201337282466e-01 2.989465304001590606e-01
2.120090798037872482e-01 1.182829756023353607e-01
9.722700978479874578e-01 3.062934710272789962e-01
5.880992943056305711e-01 4.485065120649370796e-01
8.831602117718453382e-01 7.710669176501833144e-01
3.498914509214253732e-01 1.176786100675223379e-01
9.295935707831485262e-01 3.534295973692863635e-01
5.385645469511184391e-01 8.240995398674249017e-01
9.926196180548249037e-01 1.780535127728199996e-01
8.407542806369585620e-01 9.730028282026027542e-01
4.662355012480804417e-01 9.966513824508479447e-01
8.907922336799645180e-01 2.058745522253755400e-01
1.435814220458678792e-01 6.577484756577020031e-01
5.910431972229275299e-01 6.635029800327583160e-01
7.148003766372948986e-01 7.506398988440246001e-01
9.008148030972287224e-01 5.813967232802635943e-01
2.205181842743874077e-01 8.800534371124618671e-01
4.285030540963934431e-01 7.970512586449850501e-01
1.463488823134078132e-01 8.045374722182223604e-01
9.898173768940771167e-01 2.140358736386390737e-01
5.355148806323409838e-01 1.687716208789047379e-03
3.871640317342290860e-01 4.894376065791569141e-01
9.499636934794214449e-01 6.611033909135073383e-01
2.199995654796651490e-01 7.938819776829000308e-01
3.049236239038650709e-01 4.540339762865238660e-01
1.506769408779992103e-01 7.419569515107804492e-01
5.273222512459869726e-01 2.882990848355706515e-01
3.928024393549673920e-01 8.100336710820710273e-01
2.653202487525773146e-01 9.116533714010190970e-01
3.740436243096767477e-01 7.137391557872123649e-01
8.665083768529086017e-01 8.453589428666199446e-01
5.816727713334574057e-01 5.745825565840023685e-03
4.537620151943426716e-01 7.931042832570016632e-01
6.025947720155183651e-01 2.731879170451732008e-01
8.309855335320006642e-01 6.262968755060028814e-01
5.768150684662254335e-01 7.917819899339293421e-01
2.013459669974887456e-01 8.633280961136854392e-01
4.833557706887591232e-01 6.428084478839990457e-01
1.553017606347387725e-01 6.531566051138305573e-01
5.705757948348531006e-01 9.213664836349879650e-01
2.191757978108211935e-01 1.724023424509579794e-01
2.209618436392418728e-01 1.938755473803416285e-01
9.626112896499753324e-01 2.828106673640571334e-01
4.796195781291955340e-01 6.371006040739000120e-01
8.929909691082138501e-02 2.596690338546350230e-01
3.104910899235715505e-01 4.009354518003563905e-01
2.908136976696328313e-01 4.325804189687249002e-01
5.979118123707874988e-01 9.939913938418971640e-01
6.576202583570578408e-01 3.845905566691554256e-02
2.577296147466585641e-01 8.841182743567252977e-01
9.254074835094872054e-02 9.493433739061329923e-02
9.002075665094350088e-01 8.433988327301618071e-01
1.598990361878880329e-01 4.105494790584993670e-01
7.297468081612149549e-01 6.360712634841302338e-01
4.166210022495855370e-01 9.880913605638597108e-02
4.487143274270976034e-01 5.775558557944538984e-01
9.461162556381175204e-01 6.730300710918762919e-01
6.450826214682339188e-01 2.672302844252016918e-03
6.545132873100090176e-02 2.832539811176473243e-01
9.192184608618526598e-01 4.675362994096805558e-01
2.703336772722920722e-01 5.415137878507397806e-01
7.506707718632533721e-01 5.208264375174397331e-01
1.528051045455691703e-01 2.117344570463500775e-01
3.458324544318281957e-01 6.839287644137660438e-01
2.572188667536779993e-01 4.845692562899496236e-01
7.193548562155320791e-01 6.406763977333167492e-01
5.233788685507287930e-01 3.439761696078506015e-01
3.334813285012162565e-01 7.711044605998013113e-01
6.396123118786402051e-01 3.356743565244361127e-01
5.102172630680990029e-02 2.208022015334654142e-02
5.308868984649350864e-02 4.407393857135893933e-01
2.052849740659723476e-01 7.357527223783817405e-01
3.840749675156491794e-01 9.610166563473151458e-01
2.793640568944782965e-01 6.460907670090323407e-01
9.996994376916604752e-01 3.095235589467644211e-01
9.621592379273216089e-01 7.004551660521269874e-01
4.228951402028414686e-01 1.584283402147744768e-01
3.569395973406142009e-02 4.195923244984666178e-01
1.693054955346232626e-01 5.897054393101323067e-01
4.696163352707611871e-01 5.442282905995042830e-01
9.101945059252292136e-01 6.903815882217652078e-01
9.406019509081786634e-02 6.788052246894079600e-01
1.984528661760898149e-02 8.744058032282008286e-01
4.197634659042887018e-01 8.748856530632181938e-01
2.097287361218689306e-01 2.812591866699865051e-01
7.331615675219201878e-01 7.098024405173026796e-01
