3.499292527458844893e-01 7.642036108657375149e-01
8.994861701210752347e-01 6.622233620627294703e-01
1.605224688177944170e-01 1.013605705952472791e-01
3.640245188183255376e-01 9.365836236845312968e-01
1.014532477547058775e-01 6.372831264304689158e-01
4.636042934893994660e-01 4.887238105144550149e-01
3.512372721434358080e-01 1.997210721229072394e-01
3.224577399323405036e-01 3.910929109935001868e-02
4.950534456906263703e-01 9.577115218122536078e-01
3.774405271963087172e-01 5.048236315214772452e-01
4.124524305995614926e-01 6.763146553926876470e-01
2.015695600571922874e-01 5.371610294808535357e-01
2.842603081442280910e-01 7.091315349696925008e-01
8.156475441004392701e-01 5.501066319648472147e-01
7.457707651666497517e-01 6.962892208635218516e-03
3.832087490080682279e-03 5.205436317820859582e-01
2.532156536125886870e-01 7.449445937196342848e-01
1.247169725517697225e-01 7.639005944951066107e-01
6.291102906062518985e-01 6.369417012677268675e-01
5.427452473418979961e-01 5.139746954159988279e-01
