5.093640620835300226e-01 6.647715760732199053e-01
8.297088442764526395e-01 7.938923461832219086e-01
3.486708092929995395e-01 9.173017707051556169e-02
4.146296943440674898e-01 7.638368809686406635e-01
6.255878799560014025e-01 8.444054202589901248e-01
8.439559338307283110e-01 4.122315446269733119e-01
2.784564514386961287e-01 4.684851688505593525e-01
5.657767205357449036e-01 9.467193882459223886e-01
7.087476879159844145e-01 6.679829943019548466e-01
3.922377464782457190e-01 5.187896289128345328e-01
5.324646862769967237e-01 8.364865812250454891e-02
3.945272618252740893e-01 3.512635402099414383e-01
7.414001802192990986e-01 1.768616719151981931e-01
7.557348858768003774e-01 9.131776475160519047e-01
5.919307207537430893e-01 3.761676597604002303e-02
2.754816064427512146e-02 6.638278009434849247e-01
6.174420599059916581e-01 4.064262413077753822e-01
9.799791028613096255e-01 1.232967985932857946e-01
1.433182559285548496e-01 4.419129534077044230e-01
9.908358433419359734e-01 9.740183996747520112e-01
5.933545997904218217e-01 1.051651433678791880e-01
4.332617356494447014e-01 2.048165412262692442e-01
2.523083297135619851e-01 4.098302483109681482e-01
3.081280245600085399e-01 3.927670194635258794e-01
7.096655530219047048e-01 3.720782008890173298e-01
7.584069403960707056e-01 6.188346308523801076e-01
6.629661008317844217e-02 8.097418084540126682e-01
6.749071692786814403e-01 6.037745867418924384e-01
7.840704466789760740e-02 9.419328498970636065e-01
9.598897363035596708e-01 8.986074466117989212e-01
