1.811175029743322673e-01 5.525146788730439518e-02
4.752495604896164183e-01 7.921285244436339079e-01
1.773296454369798214e-01 9.856541441561321726e-01
1.394535982188380707e-01 5.472027032018034198e-01
7.796736904408814173e-01 7.616335844907460295e-01
7.957085140805181256e-01 4.054687975360276031e-01
2.543876310196123702e-01 1.580763437627696888e-03
6.087310737112395786e-01 1.138967861715631802e-01
8.316261107750236858e-01 4.922647894071452424e-02
8.275525280174623743e-01 6.665966924854327402e-03
2.095890162798023093e-01 7.691584319699996675e-01
9.481541014487723240e-01 8.988249229984099919e-01
3.120973802930605556e-01 9.685669939453246391e-01
3.750193285866161297e-01 4.022536590842356041e-01
3.881308486841898997e-01 8.513650514917490142e-01
4.909427528778671501e-01 4.478391763339039100e-01
5.307404643921871390e-01 6.205425772502294324e-01
8.119428813464014683e-01 7.933886988057307077e-01
7.320689464956547932e-01 7.578366527394260199e-01
2.277418016593714123e-01 5.290773868419629267e-01
2.591577071304751456e-01 7.112686462490582784e-01
2.943169613593228373e-01 1.820428165663541265e-01
9.332696994572630134e-01 9.648333266883231119e-01
6.916223903765572611e-01 5.494186259449581611e-01
1.439943156860332696e-01 8.779743182165610227e-01
8.873999736795040727e-01 8.388660336874632639e-01
3.323553938593957202e-01 4.330166739380161278e-01
7.121878805039925098e-01 2.630316240750059098e-01
3.803954757580079171e-01 3.855731250953260414e-01
4.643797915042497948e-01 4.045689946057714481e-01
1.502387611235316278e-01 7.031450694642484844e-01
5.497630089190065350e-01 6.965336989952641833e-01
1.656790606271755228e-01 6.423140308219911221e-01
5.969441816340165241e-01 5.526089728140597401e-01
9.400586547116470681e-01 3.136270699370456994e-01
6.459112489523463063e-01 1.920867018909900859e-01
5.311657816121887477e-01 3.837162299061304127e-01
5.294904422065112026e-01 6.454635348519529581e-01
2.342620625295438463e-01 8.271274711658525014e-01
6.733196579451241615e-01 2.396458419316248589e-01
