1.855137128398742785e-01 4.433576273989504601e-01
6.863301768161437222e-01 3.889739796065038169e-01
8.577066114293443455e-01 3.360696187683791525e-01
3.023840320550040817e-01 7.445908154593109396e-01
1.650188533318918127e-01 6.580795134004502334e-02
1.535187567208384785e-01 4.998330771632611969e-01
7.188065703479610269e-01 9.008702434441991924e-01
1.744587176022367458e-01 5.239115690617580645e-01
5.702472918188007389e-01 5.393575522388067700e-01
3.572079802965439921e-01 3.479523272438973525e-01
8.969996796549617457e-02 2.526109381140968502e-01
9.069729143364488877e-01 1.542924701857959491e-01
1.915354379422896658e-01 5.993459729448957773e-01
9.682105709369460689e-01 9.438331714347496515e-01
3.803494468790746819e-02 3.710718954789017365e-01
2.563903457181193613e-01 3.835291208380232630e-01
6.737256766573052058e-02 5.146813242906795871e-01
9.379065333362957002e-02 6.375409129873959024e-01
5.969729879187135602e-01 2.031923524003265147e-02
1.228598200030001086e-01 2.302411327475042402e-01
9.619371122573449062e-01 5.251949030998465107e-01
2.421708168299741004e-01 9.507003551489767723e-01
2.266387537596629143e-01 1.550650298834096441e-01
3.372357422912818370e-01 8.166411325608553540e-01
7.657040624372221105e-01 7.691493675054734691e-01
2.924129513559221571e-01 5.462666553649008216e-01
7.216342731971184810e-01 6.766501300499372373e-01
6.872418388105291376e-01 9.109869539493454793e-01
8.604681668429292607e-01 9.054128809316591697e-01
4.287769670674138611e-01 9.308237864935005046e-01
9.659665509633937885e-01 5.590515696419657843e-01
9.712263303758353894e-01 3.738466301436466077e-01
1.909748059882031557e-01 4.084633958332173354e-02
9.996631324471755287e-01 3.041798674152129678e-01
5.337441415058105099e-01 5.449878428347063597e-01
3.591938523526935212e-01 2.683732694878254721e-01
5.299175128456885542e-01 7.921594622516744399e-01
3.289164694236587083e-01 1.587814932420350544e-01
3.209487686399703499e-01 8.246194376400032278e-01
8.928591428354880621e-01 7.752108767670500278e-01
4.635626539464243745e-01 9.690515221082565134e-01
4.049155208412457130e-01 9.945054288930171849e-01
8.953219761519216613e-01 3.897035597074711699e-01
8.621488875532544727e-01 8.650107570471928797e-01
5.271078262529796943e-01 4.393431741012294722e-01
7.301482107912801167e-01 8.400734063606737356e-01
8.623716424588225848e-01 7.817305397529230593e-01
3.471490292637191555e-01 3.434677672064078147e-01
7.824592817691211621e-03 7.024175969753909676e-02
7.086177581461792219e-01 3.931188135323230304e-01
