9.708852038628311698e-01 5.194946040490566741e-02
5.402382932247817848e-02 9.917134192274027482e-01
9.472151019745855827e-01 4.900185049880190213e-01
9.998169287174452080e-03 9.709995342044275279e-02
5.217735914638804706e-01 1.562911463915485077e-01
1.066716615128353585e-01 5.979415543542618838e-01
7.912594287838711216e-01 5.275757330202157647e-01
5.885039769995861203e-01 1.282186153375169946e-01
7.870246826289389874e-01 9.286888737709239061e-01
3.595500984938246880e-01 7.983932655834258263e-02
5.101697479322941930e-02 2.620383611872928453e-01
9.593570334234421404e-01 9.443355870182988943e-01
1.738927233379413684e-01 3.882694626545690753e-02
1.053650338229794592e-02 2.595368285217891646e-01
1.125416852162977044e-01 5.617076072271066645e-01
8.889024022578758677e-01 2.335135134926242806e-01
6.790019050929193556e-01 4.143658915597711045e-01
7.804357265039421065e-01 9.089856531649195270e-01
6.399618081018076943e-03 1.649649120705265481e-01
7.520669898248967256e-01 3.509950287637586541e-02
7.093528760571621294e-01 3.244756833051637424e-01
3.188887711953968251e-01 7.903699506914830808e-01
8.243131470033897568e-01 6.707316187435614641e-01
7.609317215303557091e-04 9.474144707921667852e-01
1.281451810287718152e-01 9.844269632421671634e-01
8.005667221345103002e-02 6.152613587251586358e-01
9.274082958633020901e-01 7.089679189630441192e-01
6.993541131417289058e-01 8.838873099052158011e-01
5.225802510792437738e-01 2.969284616586608250e-01
8.969181323605108780e-01 2.179913627483611727e-01
3.705426033685004228e-01 3.944591956544704070e-01
4.105776678763356502e-01 6.267725325620824295e-01
3.192556748844407322e-01 8.216343477010530361e-01
4.346069313806485424e-01 3.769422472353389786e-01
2.879308778303484306e-01 6.605920371712640238e-01
7.140800042982814455e-01 2.080249525971211710e-02
8.050037219199416283e-01 5.179048211822190328e-02
2.431616844205702899e-01 6.843197680581035725e-01
9.871348822142320678e-01 8.871041714446075144e-01
8.684748087324914989e-01 4.197728255212117565e-01
8.139803969231110825e-01 9.269998250253524974e-01
9.889954988894938959e-01 4.590158473233093561e-01
7.509250624284835585e-01 8.872057846954686244e-01
4.056493247923125267e-01 2.607736247071853475e-01
4.176455549729951588e-01 4.263702615920270667e-01
7.058606064757600995e-01 5.574555380404976335e-01
6.570874265149151405e-02 6.585136058297966777e-01
9.638812332056777565e-01 8.174174530716702414e-01
1.031349225272419901e-01 7.751850372145658863e-01
7.433262921554979474e-01 2.048054426370913284e-01
6.482696240331666804e-01 3.310297943049036462e-01
8.236581984538048351e-01 3.779084674210009265e-01
1.416879578761691683e-01 1.522601558787617382e-01
6.117947305531978852e-01 7.960817358536400601e-01
3.151437655238913393e-01 9.023442323280828070e-01
3.048939548621710793e-01 3.899569641554511135e-01
8.373856128158140288e-01 7.625752150150068021e-01
8.253016033665326878e-01 2.470518731053888972e-01
5.179429132729098662e-01 1.881533637319403596e-01
3.140434802913343315e-01 4.116454979260839586e-01
